11.57,12.49,14.56,15.53,17.34,22.68,25.26,26.59,24.2,19.88,16.43,13.06
11.91,12.1,12.87,17.15,17.71,22.55,25.94,26.73,25.75,21.05,16.08,13.85
11.45,13.21,13.73,15.12,19.01,23.41,26.51,26.54,24.01,19.78,16.64,12.07
11.33,12.13,14.6,15.88,17.16,22.87,25.48,26.35,24.51,18.4,16.19,14.09
10.81,11.41,15.93,16.24,18.49,25.02,26.38,26.95,23.35,21.24,15.81,12.74
9.43,10.48,12.39,16.7,19.68,21.37,25.71,25.89,24.4,19.6,16.72,15.61
10.02,10.66,13.49,14.5,18.69,22.3,24.38,25.26,24.82,19.7,17.66,13.6
13.92,13.28,13.73,15.52,20.52,23.01,27.08,27.07,24.08,20.19,16.8,14.89
12.4,7.76,13.2,14.92,18.01,20.73,24.68,26.89,24.43,19.97,13.78,11.81
10.12,14.03,15.71,14.75,17.01,20.61,25.34,26.55,24.8,19.34,14.7,11.66
11.47,14.06,13.62,14.34,20.32,22.24,24.42,26.71,25.75,19.67,15.18,14.22
12.81,11.7,15.23,16.25,17.05,22.07,26.14,26.04,24.77,19.89,15.56,12.85
11.45,14.17,14.53,15.18,19.1,22.99,25.35,26.92,23.32,19.32,16.69,11.5
11.48,14.21,14.78,17.99,20.79,23.13,26.18,26.32,25.84,20.55,17.12,14.77
13.72,12.51,14.53,16.69,19.7,21.95,25.77,26.84,25.99,21.8,15.08,13.0
12.7,12.42,14.3,16.47,18.3,22.07,26.2,26.27,23.86,20.33,17.83,14.7
12.56,13.81,15.22,15.89,20.87,22.91,25.91,26.58,26.28,20.1,15.81,13.23
12.56,11.47,14.94,16.0,20.0,23.28,25.59,26.1,22.65,21.47,17.1,14.74
14.21,15.44,13.77,17.17,19.57,22.72,25.03,26.36,24.86,19.91,14.42,13.07
12.2,13.42,15.09,15.33,19.16,21.52,26.23,27.25,23.95,22.18,17.74,12.65
12.39,13.89,14.58,16.64,19.01,22.27,26.32,26.05,23.92,21.42,17.2,14.11
13.71,12.76,15.07,16.38,19.55,21.28,25.11,26.27,22.96,20.52,17.07,12.68
14.21,13.03,13.84,15.85,18.48,21.91,25.41,26.73,25.15,19.87,17.33,13.09
12.62,12.62,12.6,16.15,18.23,21.0,25.39,27.62,24.94,21.28,14.49,13.06
11.71,14.06,14.26,15.68,17.35,21.01,24.74,25.16,22.51,20.07,17.46,13.47
12.61,12.02,12.67,15.27,19.45,22.46,25.25,26.73,24.76,20.17,16.72,13.1
13.39,12.84,14.87,14.69,19.59,22.12,25.86,26.55,24.18,18.56,16.07,14.08
12.45,12.49,12.78,15.31,17.18,20.94,26.45,26.8,23.47,20.09,15.1,13.28
11.07,12.39,14.82,14.85,18.66,22.66,25.49,26.4,23.32,18.56,13.72,14.51
12.86,13.73,14.94,16.35,17.81,20.71,24.04,24.38,23.63,21.35,15.65,14.99
11.8,14.2,14.09,14.77,17.33,20.84,24.62,26.2,23.82,18.95,15.26,15.47
14.61,13.36,13.61,14.55,18.58,22.99,25.92,26.26,22.21,20.27,14.53,13.41
11.16,13.2,14.23,14.8,17.73,22.27,24.35,26.85,25.25,19.22,16.11,11.55
10.28,11.35,15.3,15.27,18.6,22.77,24.51,25.25,24.15,21.37,16.96,15.17
12.51,12.72,13.98,15.58,18.72,24.43,27.1,26.14,24.36,18.87,15.24,11.73
11.85,10.67,14.46,16.07,18.15,23.22,26.07,25.0,25.41,21.62,17.85,13.21
11.85,11.09,11.98,16.94,16.13,19.48,24.5,24.88,21.73,18.85,15.48,13.63
10.38,14.33,12.22,16.26,17.69,23.31,26.46,25.97,24.72,21.3,16.9,13.11
11.66,12.13,13.03,14.02,20.59,22.24,25.42,27.16,25.19,21.21,15.68,12.22
11.26,12.26,14.42,17.5,18.61,22.74,25.55,27.56,26.26,22.04,15.84,14.61
13.22,12.05,13.8,16.44,18.97,21.77,26.14,27.69,24.0,21.86,16.98,12.26
11.47,12.8,14.9,15.34,19.29,23.33,27.43,28.13,24.21,20.21,17.73,16.04
12.85,13.78,15.76,15.4,19.27,23.84,26.4,27.27,27.22,21.21,15.65,11.84
11.13,10.96,14.39,14.52,17.1,23.23,26.72,28.14,26.04,19.3,14.92,12.31
10.91,11.81,13.29,15.91,19.71,20.23,25.4,27.33,24.9,19.29,16.13,13.75
11.5,11.37,13.5,14.58,19.04,23.04,25.55,27.28,22.71,19.31,16.73,12.83
12.06,12.58,15.27,15.14,20.25,23.21,27.94,28.89,23.52,20.96,17.43,13.33
12.06,13.84,14.02,15.61,20.78,22.62,26.5,27.02,22.29,22.1,17.65,15.48
14.4,12.1,13.97,16.19,18.33,22.66,25.35,25.93,22.21,19.09,16.29,14.2
13.75,13.72,14.62,17.21,20.08,23.33,24.82,26.59,25.15,22.35,16.94,13.95
13.11,13.71,14.75,16.2,18.47,23.51,26.66,27.39,24.86,19.32,16.09,12.2
12.22,10.99,14.48,16.91,21.31,23.97,26.61,28.05,24.72,23.07,14.9,13.02
10.66,13.54,15.11,16.42,21.0,24.15,26.72,27.59,24.71,19.67,16.0,14.33
13.15,12.45,17.18,17.12,18.85,25.01,26.09,27.78,24.79,23.58,15.17,12.06
12.51,13.01,15.0,16.0,18.96,24.22,25.52,25.84,23.91,21.27,16.7,14.81
11.69,11.58,15.14,16.51,19.77,26.08,27.82,29.2,24.85,21.52,16.74,12.98
12.74,13.39,14.0,15.42,17.33,23.85,26.42,27.8,25.23,22.86,15.06,13.07
9.91,9.6,13.94,16.47,21.06,24.54,26.99,26.47,23.38,21.64,15.17,12.36
10.89,11.27,14.95,18.37,21.51,23.61,27.24,26.27,24.18,22.8,18.12,13.25
12.28,14.21,13.59,16.21,19.68,22.98,26.41,27.21,24.35,20.68,15.25,12.78
12.7,13.85,14.46,17.26,18.92,23.08,26.87,27.51,24.59,21.39,14.52,11.86
11.83,11.7,14.32,15.09,20.96,24.39,27.74,27.72,23.6,21.64,17.79,14.61
12.72,13.68,14.5,17.22,18.71,22.62,27.38,27.31,24.48,20.44,15.42,13.53
12.43,11.97,14.46,18.58,20.6,23.31,26.62,28.01,25.05,21.45,17.0,13.12
11.37,8.92,13.95,15.56,20.28,25.31,26.71,28.78,24.5,21.5,17.07,13.51
12.5,11.33,14.81,16.42,17.96,21.81,26.15,27.34,23.74,23.74,15.23,13.11
12.53,12.5,13.15,18.07,20.23,23.56,26.5,28.05,25.84,22.73,16.99,11.91
10.86,10.26,13.67,17.96,21.78,24.01,29.19,28.8,24.29,21.41,16.1,14.13
13.56,12.82,12.96,16.95,19.73,24.31,27.87,27.74,25.12,22.61,15.53,13.24
10.14,13.44,14.77,17.37,21.91,26.34,28.2,28.88,24.59,21.59,15.27,11.71
12.11,10.42,13.59,16.19,18.68,22.95,27.3,28.0,25.98,20.25,15.36,13.3
10.78,11.74,14.18,15.92,20.04,24.45,27.98,28.54,25.2,21.35,14.94,14.04
11.29,14.54,14.8,16.57,21.35,23.78,28.54,28.97,24.78,19.79,17.24,12.85
11.85,14.56,14.17,17.15,21.14,24.64,28.5,29.39,26.47,21.24,14.43,13.64
11.3,13.39,13.84,15.58,21.48,26.6,29.11,29.31,26.29,23.84,17.8,15.75
